InputGenerationTime,0.021146735060028732
ProfilingTime,12.225743326009251
SimulationTime,232.19437714794185
FramaCExecutionTime,47.05831447103992
TotalExecutionTime,19255.47648636694
